4294967294,81
4294967294,11
4294967279,253
4294967278,258
4294967278,360
4294967294,5
4294967279,551
4294967279,550
4294967279,316
4294967279,308
4294967279,0
4294967278,251
4294967278,248
4294967294,22
4294967294,17
4294967294,39
4294967294,41
4294967294,417
4294967294,1018
4294967294,26
4294967294,7
4294967278,132
4294967278,131
4294967278,328
4294967278,130
4294967278,129
4294967278,128
4294967278,127
4294967278,126
4294967278,125
4294967278,323
4294967278,124
4294967278,123
4294967278,122
4294967278,121
4294967278,120
4294967278,119
4294967278,118
4294967278,117
4294967278,241
4294967278,116
4294967278,239
4294967278,115
4294967278,114
4294967278,113
4294967278,112
4294967278,111
4294967278,231
4294967278,110
4294967278,109
4294967278,108
4294967278,107
4294967278,106
4294967278,105
4294967278,104
4294967278,103
4294967278,102
4294967278,101
4294967278,100
4294967278,320
4294967278,99
4294967278,319
4294967278,98
4294967278,318
4294967278,97
4294967278,96
4294967278,316
4294967278,95
4294967278,94
4294967278,314
4294967278,93
4294967278,92
4294967278,91
4294967278,90
4294967278,89
4294967278,87
4294967278,86
4294967278,85
4294967278,84
4294967278,83
4294967278,82
4294967278,81
4294967278,80
4294967278,79
4294967278,78
4294967278,77
4294967278,76
4294967278,75
4294967278,74
4294967278,73
4294967278,72
4294967278,71
4294967278,70
4294967278,69
4294967278,68
4294967278,67
4294967278,66
4294967278,65
4294967278,64
4294967278,63
4294967278,62
4294967278,61
4294967278,60
4294967278,59
4294967278,58
4294967278,57
4294967278,56
4294967278,55
4294967278,54
4294967278,260
4294967279,174
4294967279,260
4294967279,62
4294967279,55
4294967279,51
4294967279,44
4294967279,42
4294967279,525
4294967279,34
4294967279,30
4294967279,28
4294967279,285
4294967279,24
4294967279,283
4294967279,21
4294967279,15
4294967279,13
4294967279,10
4294967279,9
4294967279,8
4294967279,7
4294967279,6
4294967279,5
4294967279,4
4294967294,1421
4294967279,237
4294967279,238
4294967278,380
4294967278,233
4294967279,232
71,6
4294967279,229
71,5
71,4
71,3
71,2
71,1
4294967279,224
4294967279,222
4294967279,220
4294967279,217
4294967278,217
4294967279,216
4294967278,212
4294967279,210
4294967279,212
4294967279,211
4294967278,210
4294967279,209
4294967279,208
4294967279,207
4294967278,206
4294967279,206
4294967278,205
4294967279,205
4294967278,204
68,4
68,3
68,2
68,1
4294967279,306
4294967279,202
4294967279,201
67,4
67,3
67,2
67,1
4294967278,357
4294967279,199
4294967278,196
4294967279,304
4294967278,356
4294967279,197
66,6
4294967278,195
4294967279,302
66,5
4294967279,192
66,4
66,3
66,2
66,1
4294967278,379
4294967279,191
4294967279,190
4294967279,189
4294967278,355
4294967278,378
4294967279,188
65,5
4294967279,186
65,4
4294967279,185
65,3
65,2
65,1
4294967279,575
4294967279,184
4294967279,526
4294967279,299
4294967279,180
4294967278,303
4294967279,574
64,5
4294967278,353
64,4
64,3
64,2
64,1
4294967278,352
4294967294,163
4294967294,173
4294967278,350
63,5
63,4
63,3
63,2
63,1
4294967279,538
4294967278,349
62,4
62,3
62,2
62,1
4294967278,377
4294967279,291
4294967294,1172
4294967294,415
4294967294,386
4294967294,184
4294967294,405
4294967278,376
4294967279,537
4294967278,346
4294967279,536
4294967278,347
4294967278,339
4294967279,535
4294967294,471
4294967278,338
4294967294,68
4294967279,573
4294967278,345
4294967279,534
4294967279,572
4294967279,540
0,5
4294967294,1016
4294967294,27
4294967294,52
4294967278,336
4294967294,51
4294967294,67
4294967294,25
4294967278,146
4294967294,93
4294967294,95
4294967279,144
4294967294,1095
4294967279,143
4294967278,138
61,6
61,5
61,4
61,2
61,1
4294967278,289
4294967279,135
4294967278,332
4294967294,1
4294967294,88
4294967294,1101
4294967294,1098
4294967278,331
4294967278,276
4294967294,1418
4294967294,83
4294967278,273
4294967278,287
4294967279,279
4294967278,272
4294967278,270
4294967294,6
4294967279,276
4294967278,267
4294967279,262
4294967278,281
58,4
4294967278,265
58,3
58,2
58,1
4294967278,330
4294967279,258
4294967278,264
4294967278,285
57,4
57,3
57,2
57,1
4294967278,262
4294967278,261
4294967279,522
4294967278,278
4294967279,521
4294967279,520
56,6
4294967294,1422
4294967279,519
4294967279,517
56,5
4294967278,327
4294967279,516
4294967278,326
56,4
4294967279,515
56,3
56,2
56,1
4294967278,325
4294967279,513
4294967278,324
4294967279,250
4294967278,254
4294967278,322
55,5
4294967279,249
4294967279,248
55,4
55,3
55,2
55,1
4294967278,247
4294967279,247
4294967279,243
4294967278,238
4294967279,241
4294967279,242
4294967279,239
54,5
4294967279,236
54,4
4294967279,235
54,3
54,2
54,1
4294967279,234
4294967279,233
4294967279,227
4294967279,230
4294967279,228
53,5
4294967279,225
4294967279,223
53,4
53,3
53,2
53,1
4294967279,221
4294967279,215
52,4
4294967279,318
52,3
52,2
52,1
4294967279,317
4294967279,213
4294967279,571
4294967279,315
4294967294,413
4294967294,168
4294967294,384
4294967294,414
4294967294,1005
4294967294,464
4294967294,458
4294967294,456
4294967294,169
4294967294,451
4294967279,314
4294967279,313
4294967279,312
4294967278,317
4294967279,311
4294967279,310
4294967279,309
4294967279,570
4294967279,204
4294967279,307
4294967293,131
4294967293,130
4294967293,129
4294967293,128
4294967293,127
4294967293,126
4294967293,125
4294967293,124
